#Layer_Color=9474304
#
#Feature symbol names
#
$0 r6.6666
$1 r5

#
#Feature attribute names
#

#
#Layer features
#
A 2.565 3.42 2.565 3.42 2.545 3.42 0 P 0 N
A 2.585 3.57 2.585 3.57 2.565 3.57 0 P 0 N
A 2.7094501 3.1348786 2.7094501 3.1348786 2.6894501 3.1348786 0 P 0 N
A 2.8909141 3.4275984 2.8909141 3.4275984 2.8709141 3.4275984 0 P 0 N
A 2.97 3.503622 2.97 3.503622 2.95 3.503622 0 P 0 N
A 3.3 3.36 3.3 3.36 3.28 3.36 0 P 0 N
A 3.3114905 3.0723852 3.3114905 3.0723852 3.2914905 3.0723852 0 P 0 N
A 4.02 3.563622 4.02 3.563622 4 3.563622 0 P 0 N
A 4.45 3.65 4.45 3.65 4.43 3.65 0 P 0 N
A 4.8814905 3.6573852 4.8814905 3.6573852 4.8614905 3.6573852 0 P 0 N
L 2.01 3.245 2.03 3.205 1 P 0
L 2.01 3.245 2.05 3.245 1 P 0
L 2.03 3.205 2.05 3.245 1 P 0
L 2.17 3.33 2.17 3.37 1 P 0
L 2.17 3.33 2.21 3.33 1 P 0
L 2.17 3.37 2.21 3.37 1 P 0
L 2.17 3.43 2.17 3.47 1 P 0
L 2.17 3.43 2.21 3.43 1 P 0
L 2.17 3.47 2.21 3.47 1 P 0
L 2.21 3.33 2.21 3.37 1 P 0
L 2.21 3.43 2.21 3.47 1 P 0
L 2.26 3.245 2.28 3.205 1 P 0
L 2.26 3.245 2.3 3.245 1 P 0
L 2.28 3.205 2.3 3.245 1 P 0
L 2.51 3.245 2.53 3.205 1 P 0
L 2.51 3.245 2.55 3.245 1 P 0
L 2.53 3.205 2.55 3.245 1 P 0
L 2.77 3.14 2.77 3.18 1 P 0
L 2.77 3.14 2.81 3.14 1 P 0
L 2.77 3.18 2.81 3.18 1 P 0
L 2.81 3.14 2.81 3.18 1 P 0
L 2.87 3.14 2.87 3.18 1 P 0
L 2.87 3.14 2.91 3.14 1 P 0
L 2.87 3.18 2.91 3.18 1 P 0
L 2.91 3.14 2.91 3.18 1 P 0
L 4.11 3.12 4.11 3.16 1 P 0
L 4.11 3.12 4.15 3.12 1 P 0
L 4.11 3.16 4.15 3.16 1 P 0
L 4.15 3.12 4.15 3.16 1 P 0
L 4.21 3.12 4.21 3.16 1 P 0
L 4.21 3.12 4.25 3.12 1 P 0
L 4.21 3.16 4.25 3.16 1 P 0
L 4.25 3.12 4.25 3.16 1 P 0
L 4.45 3.12 4.45 3.16 1 P 0
L 4.45 3.12 4.49 3.12 1 P 0
L 4.45 3.16 4.49 3.16 1 P 0
L 4.49 3.12 4.49 3.16 1 P 0
L 4.55 3.12 4.55 3.16 1 P 0
L 4.55 3.12 4.59 3.12 1 P 0
L 4.55 3.16 4.59 3.16 1 P 0
L 4.59 3.12 4.59 3.16 1 P 0
