#Layer_Color=9474304
#
#Feature symbol names
#
$0 r5

#
#Feature attribute names
#

#
#Layer features
#
L 2.002441 3.225 2.057559 3.225 0 P 0
L 2.03 3.197441 2.03 3.252559 0 P 0
L 2.1722835 3.35 2.2077165 3.35 0 P 0
L 2.1722835 3.45 2.2077165 3.45 0 P 0
L 2.19 3.3322835 2.19 3.3677165 0 P 0
L 2.19 3.4322835 2.19 3.4677165 0 P 0
L 2.252441 3.225 2.307559 3.225 0 P 0
L 2.28 3.197441 2.28 3.252559 0 P 0
L 2.502441 3.225 2.557559 3.225 0 P 0
L 2.53 3.197441 2.53 3.252559 0 P 0
L 2.531 3.42 2.559 3.42 0 P 0
L 2.545 3.406 2.545 3.434 0 P 0
L 2.551 3.57 2.579 3.57 0 P 0
L 2.565 3.556 2.565 3.584 0 P 0
L 2.6754501 3.1348786 2.7034501 3.1348786 0 P 0
L 2.6894501 3.1208786 2.6894501 3.1488786 0 P 0
L 2.7722835 3.16 2.8077165 3.16 0 P 0
L 2.79 3.1422835 2.79 3.1777165 0 P 0
L 2.8569141 3.4275984 2.8849141 3.4275984 0 P 0
L 2.8709141 3.4135984 2.8709141 3.4415984 0 P 0
L 2.8722835 3.16 2.9077165 3.16 0 P 0
L 2.89 3.1422835 2.89 3.1777165 0 P 0
L 2.936 3.503622 2.964 3.503622 0 P 0
L 2.95 3.489622 2.95 3.517622 0 P 0
L 3.266 3.36 3.294 3.36 0 P 0
L 3.2774905 3.0723852 3.3054905 3.0723852 0 P 0
L 3.28 3.346 3.28 3.374 0 P 0
L 3.2914905 3.0583852 3.2914905 3.0863852 0 P 0
L 3.986 3.563622 4.014 3.563622 0 P 0
L 4 3.549622 4 3.577622 0 P 0
L 4.1122835 3.14 4.1477165 3.14 0 P 0
L 4.13 3.1222835 4.13 3.1577165 0 P 0
L 4.2122835 3.14 4.2477165 3.14 0 P 0
L 4.23 3.1222835 4.23 3.1577165 0 P 0
L 4.416 3.65 4.444 3.65 0 P 0
L 4.43 3.636 4.43 3.664 0 P 0
L 4.4522835 3.14 4.4877165 3.14 0 P 0
L 4.47 3.1222835 4.47 3.1577165 0 P 0
L 4.5522835 3.14 4.5877165 3.14 0 P 0
L 4.57 3.1222835 4.57 3.1577165 0 P 0
L 4.8474905 3.6573852 4.8754905 3.6573852 0 P 0
L 4.8614905 3.6433852 4.8614905 3.6713852 0 P 0
